0,245.29064900929566,0.8826754127610494
1,34.33538314409025,-0.3595357595395323
-1,91.02836100935191,-2.6961845529742647
2,4.270201906725663,1.376379800359666
-2,42.07896488714202,-2.012019974225012
3,8.618222317409606,0.4610167892095353
-3,13.646112675200417,-1.9714866481147744
4,10.068621022355051,1.0510361185324397
-4,7.115514339515772,-1.6117460130174683
5,5.624338533279133,-0.09872943102233933
-5,8.212192737114423,-2.540389940828248
6,6.561270556542974,0.6207492461409636
-6,3.5325860342712443,-2.1665471136441035
7,6.598064091144844,0.11499782154194255
-7,7.180499374292089,-2.657250027158143
8,2.7040632441057566,0.5520228618272294
-8,8.487154969122109,-1.9145526299673699
9,2.3909541754021966,-0.03226152518348303
-9,7.211285671700042,-2.081372636816156
10,1.2971835059771986,-2.683299317002458
-10,7.910345268594495,-1.7155147538084685
11,2.8722743854436907,-0.20128052225488996
-11,2.7971524221010116,-1.6769310428435489
12,3.3609880608384564,3.097148118912549
-12,6.803230382661703,-1.3649917543370746
13,3.0488836619237847,1.448424265111477
-13,2.5042490565686406,-0.5552178516586579
14,1.747702629252278,1.657279684827351
-14,2.727925131362619,-1.547877874842054
15,3.4950088803785477,0.9659668872950256
-15,1.6179225259851262,-1.0085900049525958
16,4.587883798619518,1.6728429057779384
-16,3.871976174264683,-1.1311482110118205
17,0.5379536575645558,-0.8668829188499683
-17,3.8386377320419744,-2.3351129588408037
18,3.0338521611121996,2.139202587769194
-18,3.746673903929887,-1.0816291668777152
19,2.346651925510941,2.153478270179975
-19,1.8756943519724818,-1.4842923124819736
20,2.402590539223185,1.8833241705293735
-20,1.2101988962675505,-1.2094362067133366
21,2.995664515377015,1.978294479653845
-21,1.1118483460389395,-1.0766744650287963
22,2.5494450984227166,1.0731623374937156
-22,1.0907039965492402,2.0621686853123773
23,3.0801325718734947,1.3890368716416017
-23,0.49880911863784844,-1.5534789814666707
24,1.9073871405843779,1.528797982801695
-24,1.3810189664115593,-2.455595255263756
25,2.0692332941120983,1.0108500675746488
-25,1.2264491966863147,3.1344908652755246
26,1.4976783366811215,1.0181552511438035
-26,1.3579286268516078,-2.4979996268078253
27,2.0238075146107684,0.9187380578056539
-27,0.75105365173183,-2.712526159330971
28,1.3612726341737824,2.206963962432567
-28,1.8963341488863008,-2.0929311242530977
29,1.4463722838593644,0.442281726453741
-29,1.4988816924944488,2.652829109319668
30,2.0277403152271374,0.6286873931922642
-30,0.5809208574068807,2.782048936816197
31,2.418739069482035,0.8862297552228084
-31,0.4857679289173142,-2.261544393642307
32,1.7332418970624754,0.5534589734629248
-32,1.6098242734225772,-2.5474004094401574
33,0.6083301373466168,-0.4769693149043047
-33,2.2708112076761524,-2.321344816850076
34,1.420678590034778,0.7696070200394033
-34,0.7716578197010211,-1.6434248594324632
35,0.8933036552665269,1.1758819273891583
-35,1.4830643136150838,-1.928396986256024
36,0.6700077728491184,1.4709204103903375
-36,1.3527138273502615,-2.0018939494650483
37,0.5204604298484665,1.058325091679222
-37,0.9730331442358949,-2.381978473841541
38,1.9155904116294424,0.2631762181187827
-38,0.6451930628665492,2.914730860970285
39,1.5406264202916393,1.4005281231347975
-39,1.658021342079743,-1.4249358831180774
40,0.5508707114494774,0.8401465626987
-40,1.7246898836705775,-2.3076452636556235
41,0.2782514181128191,1.242361525328904
-41,1.6496132902521314,-2.137881274047841
42,0.5318281861760545,0.029881361256660594
-42,1.2239731046891336,-2.222969093648202
43,0.6120111337185811,2.2659645191634663
-43,1.5698922124856147,-1.686066177756275
44,0.9451132692883997,2.906333746772988
-44,1.4889825315952172,-1.8824005135772341
45,0.6932127679079486,-1.386287320095524
-45,0.9406215818566253,-2.9406879831624697
46,0.8581361368334496,1.3131573246009285
-46,0.6323375381392401,-0.3470290994708168
47,0.7738093362188672,0.5935888920751913
-47,0.3130801902825631,-2.2454249868692013
48,0.8797538557618854,0.8504169937212407
-48,0.6188277913283342,-1.5499543542515988
49,0.28112482050273274,3.0427410748051136
-49,1.3279344227352363,-1.8085817785286855
50,0.9173206669807573,0.7815158089503554
-50,0.41102320058576947,-0.7768983193004644
51,0.7883682709086332,2.4917987698780517
-51,1.4626513204404452,-1.3988659299693682
52,1.1624212845813806,1.6377595190526417
-52,0.7084913418296201,-0.5945822801672316
53,0.595182387154323,2.276641212971357
-53,0.694475251230195,-1.8750485311204932
54,1.3110937858892233,1.3194770393953834
-54,0.4626492711945455,0.04400339105270884
55,1.2892823344121997,1.7756618691781436
-55,0.6090209227145096,-1.424530096088214
56,0.4992210095739765,1.3373568032484775
-56,0.7033113718526903,-2.826693651102593
57,0.7339846397295373,0.9785094891481808
-57,0.18255971417900568,-2.7014843010751473
58,1.2666471982202105,1.2992387010147215
-58,0.3523795813901706,-0.74218737110782
59,0.9278370437249499,1.4210008490006505
-59,0.5854325075021074,-2.146689682288907
60,0.9083009697041018,1.9409871277628208
-60,0.7124237918285936,-2.0690954804462907
61,0.8227675527344384,0.43976860806667767
-61,0.8587714988256632,2.6781585679689983
62,0.8569611308711141,1.1842544121116816
-62,0.34870023856919025,-2.157796344700968
63,0.9307942280164424,0.9798335737597028
-63,0.4042525800916553,-2.691462416260331
64,0.8449930261446911,1.5519351287046181
-64,0.6595517286434331,-2.2846493948392657
65,0.6796617372887452,-0.09353596821251833
-65,1.1704616958114094,3.0945730799872755
66,1.3053288838383665,0.5640679140443253
-66,0.22519687996324614,2.7331572275670006
67,0.7596680841308227,-0.2997559174280564
-67,1.125704273155113,-2.4969835361104735
68,0.8660007649460408,1.642320676667735
-68,1.0981045411488126,-1.3697127184371694
69,0.5713994979435718,0.09570836624553057
-69,0.8877027195225129,-2.6629434408048915
70,0.5517711247354453,3.1359013581593382
-70,1.248587859677789,-1.92000255227285
71,1.0247755049207505,0.5841333649171411
-71,0.3103231471358481,1.9818285607454458
72,0.14804770779649676,-1.5624022256516035
-72,1.14376864753356,-2.186155982551885
73,0.8764170389363944,0.718747594887712
-73,0.24675338344293477,-1.4715751001793522
74,0.1794299659762241,-2.0623038987160895
-74,1.2457428844296652,-2.0612495550765524
75,0.5329944722552611,1.8003775145165983
-75,0.759119518248765,-1.4173309069070694
76,0.6634585064628464,-2.100173209003477
-76,1.0679869111745455,-2.3283088928439146
77,0.7928077147656158,1.3228723812946221
-77,0.5532725887847916,-0.17948014566596374
78,0.08198420696773005,-0.8725255182657232
-78,0.6862314145254873,-2.2403356509008585
79,0.7495762355130831,1.9403288912898915
-79,0.6752332846933317,-1.0678017311998236
80,0.3121152437083371,-1.6892371461422333
-80,0.7137939492278079,-2.644021566232213
81,0.5331078259454508,1.1695688156055586
-81,0.37360224072533676,-0.28908907861494904
82,0.2434720547654978,0.31489254210441475
-82,0.31550277245583785,-1.784526606449541
83,1.0725576733764124,1.5209116032863172
-83,0.817343679054289,-0.5652777716829541
84,0.47436107508949316,2.544173458088229
-84,0.8190578381916351,-1.9308652266321835
85,0.594007353889988,1.576255168059364
-85,0.17770407659319656,-1.0744055040337208
86,0.5470401891169797,1.7652517088784792
-86,0.27775526486498653,-1.723086492541025
87,0.3399678924877767,0.87040385068347
-87,0.27701980902029966,-2.9265779142791377
88,0.8914868042020859,2.393798636073541
-88,0.6756635913637757,-1.2734324402400987
89,0.8625236317798561,0.5601721996028953
-89,0.6728284861919387,1.8405410496419858
90,0.9016390632340479,1.6986839824696354
-90,0.48275884221044224,-1.0728414817067955
91,1.0972300922109746,0.6161876725214945
-91,0.44162292565794903,2.2929441527360743
92,0.6255090992415487,2.4947830367234753
-92,1.0403292602195058,-1.8712854990558565
93,0.4110710479621143,1.4095414936852322
-93,0.2678020313630639,-3.038480681656275
94,0.732917124518223,1.200254015018965
-94,0.10891587277756028,2.219216008141243
95,0.7397474668136774,1.0592950993397363
-95,0.2865663799087804,-3.1102163170515977
96,0.5008483291857317,0.5467259528020347
-96,0.613226511015146,-2.914913635481465
97,0.38067924019164845,1.1770638503835786
-97,0.5121677272169292,-2.334549747715083
98,0.37052302572777146,0.7477848935878253
-98,0.48177698113560535,-2.741733813672259
99,0.5137316439090894,0.8353162447975302
-99,0.35165229472460674,-2.6562928481705708
100,0.27251892558931345,0.6979612851889778
-100,0.5965242316190218,-2.518092666770652
101,0.6959624554337226,0.5621876469641691
-101,0.34528050282132144,-2.956481100275045
102,0.4154747413229529,-1.6874557381390143
-102,1.0914916634390806,-2.4072932221161127
103,0.24608919306597365,0.6841279768720898
-103,0.23419311404023407,-1.881849091756658
104,0.10024462415120544,0.45948348705322944
-104,0.37353266438350097,-2.2153649087922163
105,0.848642699727881,-0.31224807018632006
-105,0.4270134089418922,2.86286692779345
106,0.9001451183984588,1.4961150478275784
-106,0.9287255151015145,-0.8418243549806101
107,0.4900112989984677,-0.09628951901465041
-107,0.7035874856836418,-2.572735016019489
108,0.44877241585839167,-2.682508174849625
-108,1.106290283194508,-1.8298675470074806
109,0.313988344543088,1.6956736874111835
-109,0.4248805395681735,-0.9907782992405723
110,0.40965227000921384,1.4489644120041374
-110,0.32089480140047305,-1.3213562890496406
111,0.690730316001394,2.8253558236018823
-111,0.8069483488642426,-1.7452974550610196
112,0.5352276404665736,0.7656493811427063
-112,0.29134271800699146,1.9921083913332185
113,0.20533323975573844,1.5480903539118007
-113,0.4622296507826923,-2.0942332314365077
114,0.14167270917214922,-2.838364362156885
-114,0.5507748906336526,-2.1975441171431913
115,0.06573836007585405,-2.7760931801356232
-115,0.25709770314412,-1.8511954106055015
116,0.30503268801264166,0.5245678087134276
-116,0.1420498237190022,-0.14094840282531848
117,0.659943817808679,2.071421341638868
-117,0.6551316345349194,-0.8853265641513652
118,0.5297072129640347,1.3254064104328307
-118,0.040624917638013194,0.4408761436231699
119,0.35582923351830104,2.8424759471955454
-119,0.49343512214618473,-2.153662205229387
120,0.9536493568950402,1.5234996862288772
-120,0.38161369112749083,0.416622223413953
121,0.797455832539829,0.12240276837928449
-121,0.7240505817548778,2.645994465568354
122,0.3321438585252613,2.6439772801035084
-122,0.7728494418015291,-1.7844808351370125
123,0.3048624471908866,0.07892651236657218
-123,0.1757376167873579,3.0773743436485512
124,0.5939599213877171,1.140055460119824
-124,0.3368060840275277,-0.4795417131975605
125,0.3975800669553174,2.6115608968987605
-125,0.5967213105757342,-1.7259691986211534
126,0.6127387890239054,1.5836151615302285
-126,0.1842871975221256,0.05979393742605599
127,0.8818521741891798,1.585174892784196
-127,0.08620353573754443,-0.32405285786032945
128,0.3719385568159172,0.6200569829737149
-128,0.6486328517360656,2.9898236793147692
129,0.628128465631246,0.2608350770335095
-129,0.42350466683539534,2.920958010662128
130,0.4061134964201085,1.739966520873304
-130,0.587962533579119,-1.6772878490943401
131,0.6045019069223279,0.5119706703153429
-131,0.2992292674119034,3.1074053704459454
132,0.7794842577019612,2.913973510976013
-132,1.0018011719282742,-1.820969563431654
133,0.6534562133549153,0.45743717882569085
-133,0.6170605188246965,2.087967416407636
134,0.3703662434993266,2.1459311280249342
-134,0.456195717072093,-2.1108863766079984
135,0.43755247764971206,-0.3789812660225466
-135,0.677059758573728,2.8868683703496423
136,0.8381636197720209,0.9545936669849174
-136,0.144558878175508,0.3440859788304192
137,0.8432615656822235,-0.3033411319160858
-137,0.855529797414656,-2.983255434303468
138,0.5880445959401952,2.4508439120245713
-138,1.095378424778647,-1.5717646268858703
139,0.9963083877559662,-1.2741668038656233
-139,1.0600423598045035,-2.9890899961585684
140,0.17292346130428354,1.3725853255272507
-140,0.5474485711128741,-0.698771349385019
141,0.3241045848977598,1.94359254833773
-141,0.43575936028108897,-1.1061449182670144
142,0.16795390514680028,-0.03453832609608616
-142,0.27299718305416437,-2.567013221041373
143,0.7397185536690415,1.5719508685169732
-143,0.4527712358733231,-0.8758887202020543
144,0.4877887547380117,-2.57847556785556
-144,0.9517404774244954,-2.4031569126318293
145,0.6349571169908194,-0.10539752596559072
-145,0.3969627193101315,2.2659951607487296
146,0.28505997416727313,-2.6145376509511222
-146,0.7621252614202099,-1.645966398674776
147,0.39315443801909233,-1.4712440104110913
-147,0.2954336739595718,-1.9313624954661677
148,1.113581527654554,2.5262166102306836
-148,1.1365823013278213,-0.7159710370201914
149,0.6501653647034988,0.5897204754530903
-149,0.6310408696194978,1.6029493817713523
150,0.9011563529125313,2.5674860398891304
-150,0.7046919736695252,-1.3564579800181227
151,0.46039490743317363,0.6074058483314282
-151,0.5382517791998365,2.0983786383779166
152,0.45872752771512715,0.9880285984551035
-152,0.07366283603784576,3.1330608162258047
153,0.3123247767792635,-1.7230960989748578
-153,0.5928944861864149,-2.439888984219793
154,0.6537904176292944,1.6722402174626818
-154,0.49114729370906823,-0.20540509748266333
155,0.5929628351070477,-2.308339381416023
-155,0.5554250126981446,-2.6285217438458504
156,1.5131860011248301,0.6901772825879404
-156,1.206224269739245,0.9755579479392013
157,1.4859640460564476,2.6933315501313584
-157,1.3355578788393916,-1.5087531971235801
158,1.6516113363158764,0.015379481643074781
-158,1.6479209138274384,2.0188742609421966
159,0.9331422541189527,1.6296741387999008
-159,0.8492663486850187,-1.1543773976188993
160,1.0115016838223791,-2.0039966518476513
-160,1.3742749843354687,-2.6038005806230333
161,1.2164037244142065,0.9487146469819886
-161,0.9908933684411912,0.6821567920120722
162,0.4500347328037687,2.2827787093334813
-162,0.6736433447797068,-2.017218174276686
163,0.40203044396169574,0.179925471637283
-163,0.5821859329651916,2.769591142632821
164,0.2620215303655782,0.9397465070339215
-164,0.3045141357576383,-2.534018862788661
165,0.8009867285702575,0.3799374002968646
-165,0.3443701380771401,2.689285399094543
166,0.45089323185338204,-0.9895200827731309
-166,0.9080014299895314,-2.4209578414441
167,0.6053028344933143,-2.801159373631415
-167,0.925143953866971,-1.7212936605807974
168,0.8905028925490607,0.03316485935857895
-168,0.4855465164751888,1.693687554843278
169,0.6640852665762645,-2.9656144569314966
-169,1.0910981827461517,-1.60316646217191
170,0.16409716960975015,-1.6162500221559508
-170,0.09819196561860898,-2.585565566602547
171,0.9749735624353311,1.522995702594863
-171,0.6597140081167753,-0.05124096573231032
172,0.8844270769989352,-0.9012515014187322
-172,1.00407533821394,-3.1101183270724944
173,0.11460093947499102,-2.3857750240632623
-173,0.6950701202725609,-1.2057296570740725
174,1.0948382185426244,2.5516312296706594
-174,1.107387570779304,-0.9155597481110527
175,0.6186027646292802,0.8475356773191861
-175,0.5228036978092757,1.558697654102988
176,0.5687647789673705,-1.6976258121592382
-176,0.6917860397293543,-2.609024912499475
177,1.130762703161364,2.1408012814365183
-177,0.9377937760602005,-0.42678709845947455
178,0.5940017890821023,0.9598097993612592
-178,0.49517500933547254,1.9444397827840587
179,0.38559971903692636,-0.07067427385202678
-179,0.5178957681105396,3.084560865195374
180,0.43878957216082715,2.1456836770696057
-180,0.4818307431620381,-1.4371890484516316
181,0.9254491125015891,0.10335896603790692
-181,0.5253426258260031,2.205034736130007
182,0.29614283449474277,-2.496594031628556
-182,0.929539762403492,-1.8241593847356166
183,1.0738629552784582,-3.089573430062046
-183,0.9237715215290798,-1.4555941685301785
184,1.0577833212661245,1.0146240133075184
-184,0.9757389611078731,1.0201445534642672
185,0.2910995889045809,2.0496677082795673
-185,0.49023580420651625,-2.362298459745437
186,0.6912275179505533,-0.2491949601645127
-186,0.5773954292307839,2.7795360864142857
187,0.8212119766833067,-3.0772238412739714
-187,1.0655926519743193,-1.5415031984083256
188,0.01823311462102527,0.3163446125726484
-188,0.18857707247450461,1.4484893390617888
189,0.7441400268688244,2.488624623489538
-189,0.4829137219680078,-0.5085885064815063
190,0.9887398465596275,0.8114848277985187
-190,0.8414181781890663,1.393554206575864
191,0.634301743087708,2.2278286196603116
-191,0.4791131448195286,-1.9052195428373502
192,1.3741492078500692,0.30577405681101427
-192,0.9434041187876646,2.043141794382701
193,0.5514323498786542,-2.6254124438744446
-193,1.3089349516309667,-2.040133465499927
194,0.30006626123321334,-2.4304155214105374
-194,0.36690589489934405,-2.2027610176768655
195,0.91031286062195,2.6034450988917195
-195,0.48468405128782516,-0.7209313445218815
196,0.9206404083708227,0.28339701955434654
-196,1.122705433009385,1.825767076313791
197,0.4035441984552289,0.3384635061313513
-197,0.28673864853522885,-3.0034723919543023
198,0.26027883281149616,-2.926380552529264
-198,0.5840956462417688,-2.0871687784169257
199,0.7643277055189671,0.6676709721912242
-199,0.40206318334799646,1.3346451483221822
200,0.5057057129320994,-0.6417910734830466
-200,0.5940875042141541,-2.8022287771673167
201,0.17162707875615268,2.7274349023667495
-201,0.5562082750134385,-1.4176587416987534
202,0.6705608960944602,1.8423974356293458
-202,0.3828398133515993,-0.6324022791260883
203,0.15866719084890923,-1.7664042438036307
-203,0.615779469085614,-3.0663758258511455
204,0.8707879459245392,0.0911347321380818
-204,0.5255770607860459,1.993190409012108
205,0.3525721764507107,2.824260183324462
-205,0.812294442169082,-1.6493541998137558
206,0.1789006439735218,-0.916222144960119
-206,0.31537264259327047,-2.9691067288431046
207,0.36078874827205476,-0.4182926010603913
-207,0.1129433866259594,3.1215098301224287
208,0.3930776361793751,0.7879563754064798
-208,0.2648383882226047,-0.6557340442681908
209,0.7285085903921349,-3.117072615310642
-209,0.8387754857522489,-1.668577855535172
210,1.5562749453264089,0.8548842177112932
-210,0.9350035196146174,1.0443167698615479
211,0.73536326614236,-1.7510562109144512
-211,1.5172030051116512,-2.506664705516689
212,1.0021040548126885,-1.1631339400891247
-212,0.5926705524346706,-2.6949620002526515
213,1.2464818965018785,2.3915178099701775
-213,1.6008327294941729,-0.7377273972781022
214,0.47113833397784494,-2.4123024682038396
-214,0.4665258916784291,-2.8341967615842805
215,0.205848389824975,0.11647105212947714
-215,0.2977196031620963,1.113819962715784
216,0.26826836524239034,0.26259511798875196
-216,0.19449869179758306,-0.49387902658426236
217,1.5450252161971543,2.6190256120827073
-217,1.297363160790077,-1.0324020494716122
218,0.5736661622774366,-0.08938063994457979
-218,0.9569301214181718,2.0723092216975503
219,0.5095548515344218,-2.3544531588097204
-219,0.45562694003904514,-1.9746967272151026
220,1.2657500192102142,2.2682284567348345
-220,0.9736617242168399,-0.2305198825344685
221,0.7396504732347005,0.6023442238787879
-221,0.9814334570832597,1.7615335872846154
222,0.8995453936593751,0.9221155039798776
-222,0.28729564436694194,1.498008881923985
223,0.8282781456254955,-1.8790335951862587
-223,1.1241840939767282,-2.611971503318181
224,0.7236451087118881,1.9043761794347336
-224,0.7072351069955466,0.041160720082067496
225,0.8664305097461494,0.5984254910748271
-225,0.6503042155914089,1.5743736611430192
226,0.6706247622498076,1.21939991600104
-226,0.15030920638264764,-1.6016586697255417
227,0.18305937708679282,2.5123148151962256
-227,0.6464252574280747,-2.4872822998330073
228,0.49975555942126343,-0.5190258042877304
-228,0.5942287885894801,2.81241594661138
229,0.270102320573473,2.03545609826464
-229,0.3608024667870839,-1.219074493567703
230,0.2175708264591885,1.5092857082793802
-230,0.08966164374783646,-2.8493843619577044
231,0.3999823960537307,-0.44790333665954923
-231,0.4057232434804896,2.667748497607821
232,0.7642994804405195,0.9631726299944251
-232,0.352170862585231,0.10517533800918094
233,0.6073104252884537,1.7591649046371205
-233,0.4925369085378176,-1.7299517310082788
234,0.7478009564275824,-1.6475081853591014
-234,1.1086596702129017,-2.860721488241353
235,0.5842241525463847,1.422235918336438
-235,0.4193944791229944,0.038988411939447326
236,0.2897998561980434,-1.5698199845063052
-236,0.5549113626870328,-2.848921717515321
237,0.5089241076659288,0.5860331592105107
-237,0.2146050594867678,1.157011661812265
238,0.37018863110694455,-1.3716673543156626
-238,0.5402188705761216,-2.42502713869883
239,0.5290821433548727,1.3237173829651745
-239,0.43270782547629044,-0.2706479135773462
240,0.23389760289975925,2.077893927685975
-240,0.41044996530361433,-1.961038583038593
241,0.7928123960589782,1.7724105951687124
-241,0.20698363116769072,-1.0614396284986662
242,1.7301487061755423,-1.260402242833374
-242,1.7002855235635115,3.0790088532214908
243,1.4543129251823896,1.9125231314544655
-243,1.574007386119912,-0.3514561285884316
244,0.21724428215343,-1.8392291284720848
-244,0.7851257143651158,-3.0902633537727593
245,0.9456239813230671,-0.7157622093768539
-245,0.766902222121246,2.5662301005401056
246,0.38512653095471366,-1.205775241211275
-246,0.4456711648950085,-1.3363576971082327
247,0.604665218842101,1.8226710645979325
-247,0.8781492669277454,-0.5085873424233335
248,0.7465340771648749,2.2136964937645613
-248,0.5042427195586263,-1.0840616625931776
249,0.4293271651439002,0.16501625413123708
-249,0.536257865734799,2.616403294642763
250,0.7346320644774333,-1.759298429838532
-250,0.7822388974390326,-2.4587758344076023
251,0.30936180497411997,2.9654571251111648
-251,0.592449780739319,-0.588824708994843
252,1.1500758978367698,1.7631646278471906
-252,0.900084910431632,-0.004561787062676442
253,0.3783449668371153,-0.5879332664441712
-253,0.7078480833738896,2.860885572837383
254,0.10348657511967516,-2.7066022141349166
-254,0.27773805282648967,-1.756801120276563
255,1.0156776126914426,2.656615922568256
-255,0.6971163726982955,-0.9514855542251539
256,1.4463006457949994,1.233450481303454
-256,0.9900080348787482,1.0864856871453104
257,1.0153825324769221,-0.7260736044285262
-257,1.44625729283431,2.9733209458270715
258,0.23178536212655648,-1.7671788610314887
-258,0.5947433075285748,-1.8333571884121764
259,0.4647113128176479,-2.3999684291801917
-259,0.4695496762253843,-1.551440566171558
260,1.2094306352560507,2.2564718790705154
-260,0.8934410412964758,-0.26424477759523035
261,0.842499734333813,0.9405677536423108
-261,0.9162612034312145,1.753946725671264
262,1.0967150371534773,-0.4600264025403063
-262,1.1557668818072744,2.687781596568727
263,0.2721209282902422,-3.048952860223349
-263,0.7183702561244704,-1.5756872930427688
264,0.30866006341637875,0.6542986185117801
-264,0.096401804094741,0.60691622861044
265,0.7840095037336695,1.2586537322419424
-265,0.27508190384171527,-0.07483269254424245
266,0.6489111893782036,-0.8677585523989912
-266,0.8751696960497022,-2.988805243180932
267,0.417078124906646,0.6427831027935603
-267,0.31108249199605614,-1.0783459095814236
268,0.9828700826173835,-2.7576776962896163
-268,1.1645744051247002,-1.8490773279956845
269,0.765473497892121,1.8853605485085592
-269,0.5189970358267015,0.3376824011924175
270,0.270405527709148,0.27210986245501856
-270,0.6123728840514889,2.524100587459513
271,0.7315330744704868,-0.8141610567415754
-271,0.6995415384129992,2.925518278286045
272,0.12151975351711022,-1.40261351698417
-272,0.3908687859203247,-1.3021231029512461
273,0.5164196590512539,2.1201657008254284
-273,0.540732844009058,-0.6851641003520252
274,0.6508466157502784,0.6406412823985395
-274,0.3029383515634927,1.77053308313935
275,0.42800197131336054,-2.592423806366429
-275,0.7774149188897501,-2.197722160202106
276,0.6576322896520538,-0.9364823356767645
-276,0.4396030957320422,2.703369600782599
277,1.0083431102184723,1.1989185381941956
-277,0.8440986785963461,-0.0996681090803132
278,0.45480136822512124,-2.7669488505030833
-278,0.9984738968720474,-2.1157384303968083
279,1.1442448503601998,-2.8760311378629044
-279,0.8043907100476521,-1.8894912206003642
280,1.3143513675089027,0.9719891694478933
-280,1.2293713982338337,1.0626155498245824
281,1.8588779542528677,-0.9653345179516385
-281,1.5908880132643854,3.0570369642010826
282,1.6708866912674654,2.8100251965597267
-282,2.0879069132749604,-0.9816047180652152
283,0.5316152716270932,2.391495008161182
-283,0.3232489626266752,1.0064710249412472
284,0.27040906487280825,-3.1307024130153236
-284,0.4271106242376711,2.1906946307595763
285,0.798054872804506,0.4410451533026424
-285,0.8897128249408037,1.534476693577536
286,1.0382515396435397,0.49410387655968363
-286,0.33161093836088334,1.6557894284569452
287,1.3327764967251463,-2.044968357078052
-287,1.5279079431638207,-2.2934144617648586
288,0.7288069957319067,1.302785613272667
-288,1.0248734928184993,0.25987834305231516
289,0.7234540041821598,1.0663846273582607
-289,0.26427103230648613,0.3892722824896199
290,0.171127949572885,-2.7043452401971435
-290,0.6484250926023762,-2.386754331189774
291,0.8261442629366896,-2.0252045190354466
-291,0.6103864166795889,-2.5460226363115868
292,1.101849799991066,0.9133972230477834
-292,1.1030178232027752,0.6033304473827227
293,0.8721561128587351,2.2560323897869927
-293,0.7247319820442695,-1.3443524471665174
294,0.7568119265706026,0.13265927426287533
-294,0.7403230209070443,2.4302642958916656
295,0.46189972935913126,-2.6330424903510212
-295,0.8842072254055803,-2.053839453400516
296,0.6559492919445192,-3.0321577351840205
-296,0.3877399987858553,-1.7661273757027671
297,0.7404458912988955,0.6926877639030644
-297,0.7670253749916962,1.3327207696600278
298,0.41142054256790034,0.9984548628422505
-298,0.22264003925574333,-2.8158838710990874
299,0.7105939497359192,-1.640373287393439
-299,0.9692940056472598,-2.764002030857119
300,0.4090177258528843,0.396565803396091
-300,0.23888958120316522,0.3665680057216433
301,0.5531859780235289,-2.0558225846548295
-301,0.6400778487025078,-2.119177279267025
302,0.28540889333187397,-2.3925075100171425
-302,0.2791490091418936,-0.6224065159897816
303,1.483702614161366,0.5676546903804021
-303,1.0233416219256142,0.8496900076960017
304,1.8804402335875172,-2.9290007926015242
-304,2.0162716488624204,-1.739540938754721
305,0.49282119952484515,0.3197393211657313
-305,0.9613073126574267,1.4141227145429616
306,0.5222332452044648,2.099680325446663
-306,0.3655156728490664,-0.3933412448119289
307,0.39969099338926195,-0.32456358826451626
-307,0.43997571596741836,2.346451676168042
308,0.9784393046566213,1.2485723553581556
-308,0.6122636343866703,0.0035538039266613222
309,0.7768866986939983,-2.588834034538482
-309,1.040234937622723,-2.259894685245605
310,0.4629566661207594,-0.3520370487194257
-310,0.4774132577271319,1.6072489528039478
311,0.6997957816971041,1.8880160543313558
-311,0.752918830637963,-0.3566484893772508
312,0.21053386373289468,1.8102436212150068
-312,0.08256923975921332,-3.005255967718859
313,1.478015106915821,2.100518876611811
-313,0.6821286890945745,-0.4337929204686822
314,0.9304967451961728,-0.00931060272085075
-314,1.4538784917687715,2.38736472690558
315,0.10755113657448097,2.4536695446409067
-315,0.5567759358832353,-2.4817897743023614
316,0.6423669073286064,-0.82518318543941
-316,0.6959339406150413,2.917040350872639
317,0.29371061580614716,1.9389086630874013
-317,0.3231262670576167,-0.7991667460983182
318,1.2148030127087588,0.10581974629032408
-318,0.6790845770036064,1.9056093943598638
319,0.28472512087595014,-1.4373498991071603
-319,0.9259014464580997,-1.9775565651690656
320,0.8400557076498943,-2.7905292732535747
-320,1.0124344711097786,-1.6249771836420706
321,1.0112178379861696,0.9604006196118682
-321,0.7504713625553978,0.7015378293501271
322,0.7999043427180138,-2.9305770036441787
-322,1.094209176531904,-2.0624568514479478
323,0.145034622409584,0.804955889812189
-323,0.25921398778153215,2.2452260175344625
324,0.4570839942966839,-1.5175184473067658
-324,0.4923698572793754,-2.9069375189386046
325,0.8238717367634607,-2.9462462634332334
-325,0.5813105590070149,-1.3620528428680905
326,0.8631483401457614,0.8103401241161263
-326,0.8994839244881404,1.0669193293239807
327,0.9342684243012895,2.4312531517498917
-327,0.588392706058556,-1.529604385332791
328,0.8608161605802077,-0.21417158634545366
-328,1.1466185882034283,2.461492008197607
329,0.8155983098234568,-1.0295356332273327
-329,0.7636898706053199,-2.8026673789273606
330,1.6627535958192934,-2.2923364718106436
-330,1.2709978407907174,-1.858119219448202
331,1.20902457289364,1.6414030390609913
-331,1.636313920388426,0.3448395612718436
332,0.7563043290451732,-2.146196628506968
-332,0.6450137556954922,3.0916018777732672
333,1.8431347392585569,-0.035035727414737386
-333,1.5392505511519152,1.4738354201815964
334,1.747642918204843,2.2686190467200857
-334,1.931191922335187,-0.8722925774942245
335,1.095541913693047,-0.9992172072613308
-335,1.297808530210203,2.7904073610060975
336,1.4662805667943077,1.9449256795255838
-336,1.3127713059714878,-0.3526180346867946
337,0.7890872616848413,-1.8728866063747571
-337,1.083227719673491,3.135379051922833
338,0.87238048017283,0.1991352251075409
-338,0.976721541796534,1.3006728854827678
339,0.08914441448953846,-2.468058449909718
-339,0.3654665389257581,-1.2039951373948683
340,1.5387443856654652,1.0127595997146484
-340,1.000725485813285,0.5997065791517103
341,0.3241782972687148,-2.6347093155956314
-341,1.0302579731143697,-2.3226959170561554
342,1.3418599619847285,0.3963130194191831
-342,0.6062424159721584,1.613289736495872
343,1.292446989640901,3.0137895472808633
-343,1.6494485597078787,-1.6864224345016718
344,1.384197065767544,0.0356851863908036
-344,1.1657129368209038,2.0371438529976693
345,0.37811773866449233,-2.598068637579876
-345,1.1358828381816122,-1.8872224143958287
346,1.1471239215479068,-2.2866394494312674
-346,1.0269923638844651,-2.168768387735156
347,1.249761242467923,1.7759188138226645
-347,1.0904254353581886,0.17695330948259047
348,1.1296559652867502,-0.8158439414192747
-348,1.311434309542589,2.7843667288362646
349,0.5848099849658883,0.7712680140707029
-349,0.47480893679232516,-0.7315934520954646
350,0.7338670297953371,-2.4450787764023114
-350,1.2530047977679737,-1.954240266245
351,1.1983265694760692,-2.5187703494026636
-351,0.8428579722210291,-1.852361847356196
352,0.6182459232967824,3.007626627720408
-352,0.5727740031270329,0.11093100512650537
353,0.22314801303709816,-1.9087788355166955
-353,0.4751382573974007,1.3699240823743497
354,0.9232854391867419,0.42142143855305386
-354,0.9157454486407847,0.9500960731009701
355,0.5484488958078866,1.6488941017184005
-355,0.7415464141770867,-0.8992335974849756
356,1.3886080846024806,2.93303566491149
-356,1.1402429653556723,-1.4983490572491345
357,0.818885633276236,2.8257119343925643
-357,0.18974906229664276,1.6189628351281835
358,0.7612258590439148,0.07711248477476998
-358,1.2990489576839284,1.7539974432544454
359,0.3952414745962036,-2.4635703452709583
-359,0.21285145423270718,-2.0797507680941703
360,1.3243921181756415,1.1535537146525157
-360,1.101487565007916,0.6926040083947151
361,1.100591997549527,-2.526192731898903
-361,1.0758711081215522,-2.509982821094491
362,1.4151792899822047,0.6909160103973813
-362,1.5571650133801231,1.1786985000306005
363,0.2641755724935802,1.1570734518294625
-363,0.28644192547791264,-2.777649069200024
364,0.8786093872954012,-0.2366388930774817
-364,0.7131712604188073,2.329182211998295
365,0.9913872826168382,0.6757840552025031
-365,0.3535501829579584,0.20828745378271288
366,0.6181906738181239,2.1337915389108053
-366,0.835574144662913,-1.6682763846548048
367,0.357494791466647,-0.8736518450516018
-367,0.7961540590832022,-3.0902354949842645
368,0.8512465493888136,0.0167388991017454
-368,0.34888206448152154,2.3508135504117025
369,0.6818765992201048,-0.29119258374355883
-369,0.5398146870046571,-2.1213728693109926
370,0.6752733165364238,3.0668212387282474
-370,1.37244325400816,-1.4844857157441256
371,2.17390718467732,-2.4194621287367424
-371,1.419482664982151,-2.127672265566675
372,1.606931611056677,0.5642430974024448
-372,2.188500997168138,0.9241475388180483
373,1.5677585996322456,1.592986737830887
-373,1.1140060752750118,-0.5517722763566852
374,1.8108173308799451,2.8462738201526303
-374,1.6004743404726458,-1.9812717863968734
375,0.8336049181102215,-0.9156447411705655
-375,1.7563050641188216,2.522931378429256
376,1.3596628819316956,-0.9109460653895184
-376,0.8611550489629399,2.6704239483641463
377,1.1132536988446269,1.9882940700430702
-377,1.4235289664330717,-0.5335257865091964
378,0.7334108204986887,-1.7102327931346273
-378,0.8273598955909871,-2.8865550543234972
379,0.6024987942880147,2.2109000287295544
-379,0.530866186560465,-0.31314540707752897
380,0.5861033386579999,-2.1986808741956514
-380,0.5138060525882848,-3.082999370314967
381,0.19137227796145717,0.5438229673254958
-381,0.5226047706694606,1.1738213384009395
382,0.9106511092356877,0.2532966797798493
-382,0.5509819961596593,1.366383707187799
383,0.7216672479590431,2.8544685768010605
-383,0.9581405210800865,-1.4238171033404565
384,0.9008585707399233,-0.3398643436450735
-384,0.6703740371580047,2.1249383995090296
385,1.2287305853529271,2.800642383047207
-385,1.282477689732682,-1.0941292190407415
386,0.9086432336559421,-0.7233449513775673
-386,0.9420316695942003,2.0960591578870895
387,1.3993030733269867,1.7387625811593133
-387,1.345550712172129,-0.18337781828068828
388,0.3570925974509173,1.9853231742137385
-388,0.43985295315938383,-2.8235995188829652
389,0.7748553017607356,-3.033935598500476
-389,0.5526898694551292,-2.510888872337009
390,0.906473950681516,0.6614164394953101
-390,1.0348053567998796,1.513968450956308
391,1.2111227333618864,0.4015716628712791
-391,0.5962919833776461,2.0719665892615358
392,1.3555883305497975,-1.849528111654859
-392,1.6259134252425913,-2.404116725584414
393,1.536334014791243,1.4820676854231079
-393,1.3424197000694849,0.04452150947885601
394,0.8742155301901672,-3.055216323719858
-394,1.121359211882473,-2.421980565590502
395,1.7647851209376721,-0.8036340344851851
-395,1.7191398267087767,2.4806301006985345
396,0.9298680288672035,2.2695667602594987
-396,1.2559923457079336,-0.7097844997617184
397,1.1524575533969668,-0.4499027535858253
-397,0.9360851938520296,2.466188346750092
398,0.9378014692120665,-2.7867752269646173
-398,1.2348986798689117,-1.5519427928108764
399,0.46567765391266563,2.021689883799454
-399,0.43233811945599365,0.1190353152214234
400,1.1786541458159245,-0.3895298255855743
-400,0.8566469476657108,2.206801138734266
401,0.4763290393529764,-3.1231504581498686
-401,1.1205760684901758,-1.2697084268153471
402,0.5927069039850178,-2.9745621718844806
-402,0.5680993377411917,-1.2759505904931798
403,0.9712554358140447,3.1112162684667872
-403,0.46340925162110924,-0.8591289791699517
404,1.0166649470733111,1.327990697923687
-404,1.096229115212991,0.9532192966272036
405,0.3316028185348854,-0.42376233645171396
-405,0.6891711743359082,2.6619718599934186
406,0.2638230842210565,1.5073472601049926
-406,0.06684879871375832,-1.479457172655705
407,0.5207867383689041,1.0425171871137444
-407,0.12421781143490836,1.7890248438417895
408,0.7641976759968236,-1.1168588263860848
-408,0.8343178540996733,-3.0456659969741393
409,0.5837825180236649,0.1365636477887086
-409,0.25851453345738007,-0.06481934950819163
410,1.2886908741376577,-2.777135077657359
-410,1.3581765120512943,-1.5929124037416975
411,0.9507538328329421,1.197112939850692
-411,1.0629292490120894,0.7038511900208462
412,0.7860041163352263,-2.1569849831440244
-412,0.7744524617103821,-2.52858378225104
413,0.7462280712540487,1.002932933949692
-413,0.7945962232997061,0.6367268357245188
414,1.2686627772790162,-3.131633035918048
-414,0.949872788240581,-1.600185039853833
415,1.8436150988572215,0.8910146830698696
-415,1.5813464320820951,1.1617588580699603
416,1.1872953738857113,-2.5144583532077296
-416,1.6064925296111616,-2.4287189104734117
417,1.2815854957425281,-0.38656924834170686
-417,1.1587856803223864,1.9169728988277044
418,1.3258149496120315,1.7726785608090152
-418,1.2881486137689633,-0.4906509908892435
419,1.0080977768079213,-1.3178295012168861
-419,1.2768358035879612,-3.0174360845155728
420,1.2242109964547476,2.502593310742951
-420,1.0789801231821925,-0.7254210002717765
421,1.1231545118666795,-1.5982403563047884
-421,1.0823992778860902,2.7862681637910836
422,1.2165048039133546,1.8208197063388547
-422,1.3095619974696928,0.2938277424370089
423,1.4271371856386021,-0.5038383570719657
-423,1.4024416830877406,2.268290294031537
424,1.8569778849856353,1.6382892686380963
-424,1.4016893249884073,-0.27791423402672477
425,0.8896681229669975,-1.6207910189590056
-425,1.5692186545950582,-2.974249782704231
426,1.430424088013199,0.26013992251780105
-426,0.8585208898206456,1.4087208815172954
427,0.40770899856217135,-2.003410685617189
-427,1.1270338537247921,-1.9048283818712817
428,0.11999131584726383,-0.11733857456214493
-428,0.3824325106124468,-1.3117687884156186
429,1.2893672981153592,2.7404648627419945
-429,1.126688005738679,-1.1956964271301547
430,0.6922465446701146,-0.8512728646041132
-430,0.9840178975161078,2.3885745861241694
431,1.0564816127890775,-0.46801208459209026
-431,0.33609756754999026,1.8618012841631733
432,1.8407855073901886,2.4549235576910005
-432,2.012166667768188,-0.8780168797747785
433,0.2764745248046316,2.884987964198836
-433,0.5306336462817848,2.75266615682553
434,0.6840506655783184,1.9992401908068265
-434,0.16823473939882091,1.2981977766609434
435,1.1844902281303349,-1.4353698803270876
-435,1.3146570406983622,2.932867211905915
436,0.9494559143038,1.1806888238540714
-436,1.0148745144737876,0.3904291875287588
437,0.41649963851872596,0.19309988595684816
-437,0.3300970526853609,-2.9554080643869187
438,0.758214791248422,2.9284947279394884
-438,0.8372275938822276,-1.7259837131409446
439,1.0468188870336539,-2.2614238277989442
-439,0.7693614076081701,-2.9892634529562407
440,1.2007954479009648,-0.35910031042404617
-440,1.3014571975751066,1.5723057091841242
441,0.8383346900180159,1.610157944020822
-441,1.0252175177613125,-0.28041455585220976
442,0.3023660418728603,1.9536055203277227
-442,0.21031104655325686,-2.067184912898414
443,1.074758500472228,0.39104111280739967
-443,0.5852333254822614,1.8390275874127602
444,0.9860492389289863,-2.2447502649546345
-444,1.3616790876911409,-2.176861408283328
445,0.33829108143517705,-1.2035496113957267
-445,0.16949164153759474,0.7810975298086212
446,0.8338992236716203,1.580979042174325
-446,0.8738192661703186,-0.07081361540383914
447,0.39022261631560645,-2.181993332684558
-447,0.5684628568305169,-2.6348182044328685
448,0.1310811649925742,-0.7225460883854468
-448,0.1344302157545182,0.8911669912749758
449,1.4098153453753026,1.3697924472974088
-449,0.927454326106758,0.1413152337221281
450,1.2531176948464418,-1.6504678149793952
-450,1.5309856594911397,-2.7782251568652208
451,0.08126352194060127,-0.7630927589133479
-451,0.5709025374046093,-0.2589054403125886
452,1.6522501803242435,2.2048208039222263
-452,1.4467902966901058,-0.5273012702697953
453,0.8658522976777645,1.5668739311865836
-453,0.4510435121683645,1.9093216270679891
454,1.0784881273162414,-1.3915488011966333
-454,1.4537370752019567,3.079652214588085
455,1.105544401333013,2.6457681605208387
-455,0.851033641800004,-0.7175164622366531
456,0.24053242790804158,0.600542964810621
-456,0.7619781174485704,1.8276919556324913
457,0.33781227646724465,0.27306119537435425
-457,0.4563418279223737,1.9210725570241305
458,0.9857636406668517,0.6028383760299534
-458,0.4640742773171197,1.3224347257726716
459,0.6956105947957348,2.6630348491314417
-459,0.9102340894849739,-1.8273459398848695
460,0.343088922073187,-2.9214995718661987
-460,0.6189414088531495,-3.0946039350336387
461,1.3650202014724597,-1.2628434662830448
-461,1.2313231441236523,2.688863933111031
462,0.6522603073229915,0.45943313526099144
-462,0.8837867143336908,0.5117712264444036
463,0.6910839575890354,0.8652383170275549
-463,0.4139244757639949,-0.0883858628154209
464,0.40961138989195806,1.3281537522665432
-464,0.41941736158113413,-1.7035880227644855
465,0.4804668930576745,3.03545450283586
-465,0.77653481833828,-2.106981464621491
466,1.052661042934642,-1.7694950348031917
-466,0.9094830261893001,-3.019570747135817
467,0.9071933038811181,0.1917309181247423
-467,0.869827041742134,0.8905392332859603
468,0.35232922505253544,1.4550175045616196
-468,0.7299858886146122,-0.9420964131516905
469,0.6711027726874704,2.630329126929092
-469,0.8172005054916089,-1.4099834912070053
470,1.3177807788848395,-2.932256434925941
-470,0.836889249694876,-2.0024735910618703
471,0.6330218699613553,1.0085935238547141
-471,1.0600013737058627,1.3482771299537544
472,0.47801763660853747,-2.129223894058179
-472,0.5589388620814765,-3.1084924100562836
473,0.6231658650712842,0.34379474303335095
-473,0.689822620097324,1.3686034579049748
474,0.619111420573385,-1.6505082249832086
-474,0.41529719177507063,-2.578050696133467
475,1.0132449946032451,1.065320040586929
-475,0.9801489168609057,0.4152034245184362
476,0.7201347166627651,2.7465096078638456
-476,0.6404931278292684,-1.6782934082138259
477,1.047971447344819,0.1399274924540426
-477,0.9856491213187888,1.9125674079436332
478,0.6168701525936794,3.032135928117892
-478,0.8428905930974925,-1.7148201227574096
479,1.062447607588565,-0.06854825707481356
-479,0.8045948329821926,1.9747514502073027
480,0.17374732452831476,2.6968677889956387
-480,0.749551816785359,-1.4663786083053634
481,0.6006069939997719,2.658981558048015
-481,0.6018518601248434,-1.4220483922749987
482,0.4233441405123566,-2.666137129788603
-482,0.37247295470618746,-2.938598392254708
483,0.9939769034971222,-0.28099379490671694
-483,0.8496648882351898,1.9023573339686086
484,0.8264930863112209,2.5091032922459497
-484,1.0051368465704211,-1.0334202426485726
485,0.2806432339946367,-0.8241909676578921
-485,0.4459205317373444,2.673082164960077
486,0.35714430100034145,-2.5567521071388515
-486,0.2968126537689386,-1.719153418059587
487,1.0837534578954913,1.2995819200544487
-487,0.7809828716032187,0.4586382530778262
488,0.8465075155758371,-2.156355272855526
-488,1.1016879839446199,-2.662242932320235
489,0.29673742103226514,-0.5822749100281402
-489,0.41211308672736796,1.4600033859959094
490,0.2612671648145092,0.8654925938393411
-490,0.348095929680755,0.3381865640445903
491,0.5866416773136136,1.5279961735187266
-491,0.3402409217188683,-0.12779392439564946
492,0.468612432376458,0.5933487746403208
-492,0.2509848350674048,2.6134714340582788
493,0.39693377781692035,-1.5292870712592188
-493,0.6805316778422141,-2.5476832067897894
494,0.9161864872838894,2.1515554018076846
-494,0.7063623456014037,-0.6728853411193308
495,1.6390653005166735,-0.703191691359767
-495,1.3727556966948502,2.5982103736993896
496,1.4859764767784258,2.7719962145071744
-496,1.7846772475497537,-1.025190243466263
497,0.6006219096500516,-0.4224775223310667
-497,0.7163348912825107,2.0193634973155823
498,1.2339753661790833,2.540341118901929
-498,0.9721205863520879,-0.8747999932823977
499,0.38079940129431067,-1.86963958699066
-499,0.7078309934165061,2.581515255223377
500,1.3905198443171423,0.8100843159128113
-500,1.0925072683176436,1.0165151636969922
501,0.5537987750285485,-2.283662487376109
-501,1.1345813623999332,-2.352334470176016
502,0.7153791985662666,3.072398879694162
-502,0.3791082000214856,-1.5828545743573579
503,0.07923800425173137,-3.1121884504886617
-503,0.49796194292997736,1.8594953413779283
504,1.1654050880831135,0.001386008674516154
-504,1.0617802798369802,1.7709643361644036
505,0.37518840839104955,-0.6355602067640679
-505,0.4157476385083343,-1.916789661508941
506,0.760707559273646,1.9059848060225646
-506,0.8268504857734956,-0.8177834119355898
507,0.10591126657605952,-0.5368970810333012
-507,0.47969499692244383,-2.8312690668298544
508,1.0147419494942418,-1.7962223938683652
-508,0.8071536645523391,-2.5883013212197485
509,0.5672493187806018,2.102706434616672
-509,0.8965353649160178,-0.11642545551890614
510,0.9909640404939724,3.095440807290232
-510,0.42070043551567216,-1.2896998537891997
511,1.357706698698575,1.0392658341591625
-511,1.3318906271625361,1.1365412051614763
512,0.3349900632445873,0.8668255628497454
-512,0.6053936865892272,3.13738054692749
513,0.8451433528149135,-0.4390477315668262
-513,0.8824399148008977,2.9096438547445187
514,1.265108780035254,-2.7851440511645347
-514,1.2868488386170391,-1.736565496855895
515,1.2940119378436714,0.17747971802949328
-515,1.2495075585269437,1.4368826104408952
516,0.9881275233255749,3.120985343115556
-516,1.1362655528484589,-1.551947986403839
517,0.9521754694083928,-0.30045160871226784
-517,0.8960085361774596,2.0067365454386614
518,1.258387073440315,2.667297566907571
-518,1.154917266822967,-1.1076770836160785
519,0.6860383243075424,-0.6818244620355148
-519,1.048960048181693,2.351157880257803
520,0.7116670361872479,0.2549491681948913
-520,0.3286429113571447,1.1521902072918522
521,0.4080803419005224,-2.1044320922918565
-521,0.7688949967567831,-1.9880895044395102
522,1.1553851438497866,-3.0941828032721754
-522,0.7890417723176604,-1.3422122570713855
523,1.2784273808118254,-0.19980157056640965
-523,1.3437883522159735,1.7083405461262302
524,0.7625288954549383,2.0829366089864685
-524,0.9527366963465443,-0.7817756602677609
525,0.9457653780056735,-0.762513703169321
-525,0.684679739843041,2.8290938913250647
526,0.6466469931147454,2.1274020963652815
-526,1.0676447870461017,-0.7478470394004165
527,1.389614907321453,-2.449607145804424
-527,0.9637102238124599,-2.054024201641488
528,1.3634231687213476,1.7846310550123954
-528,1.5378614194090592,0.3721148165558852
529,0.4917882551224001,1.9057885061060913
-529,0.41527629720465764,1.9770041809155223
530,1.2925421556679886,1.1998523448986618
-530,0.7332516960479362,1.3779429922456123
531,0.3970392153647148,-0.14494164733319376
-531,1.136874970745593,3.0808786685246092
532,1.2015037000670354,-1.2299758564840206
-532,1.2491247148492903,-3.0597535523852883
533,0.276472271992872,-1.157897626543692
-533,0.39099706587326916,-0.783503684470895
534,1.3030556207832162,1.574476525255484
-534,1.0560358334309847,-0.16762404061179823
535,1.3084190506929647,-1.729529586689222
-535,1.5451569951697552,-2.8702556204483805
536,0.40668718043814717,-3.1239536832801154
-536,0.4534992161481931,-0.346546156199894
537,0.6466965079289969,0.3816385541375298
-537,0.6731903319633084,1.1408597655250379
538,0.2749189903899426,-2.7378030408405034
-538,0.4466379275440873,-1.6754048769621388
539,1.2611197029882495,2.4879492680125557
-539,0.77059733884813,-0.7141465741913593
540,1.3217089082802165,0.0016420429944073516
-540,1.5401770781947601,1.9610002233130979
541,0.7975581737943573,-1.1361139524375499
-541,0.6699638048619904,-2.548025131848051
542,1.4421453280272196,1.7273194376540382
-542,1.344110005712539,-0.4070635056888575
543,0.4518830285531454,-2.3781456207294656
-543,1.015018282733381,-2.6810687407365577
544,0.3575985316036267,-0.8334458689208174
-544,0.422109861511561,2.8299278610001135
545,0.31812145702302125,1.240462103835014
-545,0.24867583156643053,-0.8042709092880831
546,1.2745358030156526,-2.6092857225738033
-546,1.1033296746254704,-2.0997096422767276
547,0.35673656743172505,1.929485161869546
-547,0.619939774744677,0.9787763150514908
548,0.6615643305764223,0.006574891777671022
-548,0.7187403793190099,1.964931962149572
549,0.027378599306213787,-1.5532284822929174
-549,0.38112213308929427,-2.126354409890653
550,1.444644642669244,-2.6993445395260616
-550,1.0499610496013283,-1.9892310070381154
551,0.5225513789380354,-0.18961995203219909
-551,1.1299388595852906,1.4834510885417629
552,1.7199015885837012,-0.29103453695206327
-552,1.012350780916729,1.7025094607261728
553,0.36888259168285925,-1.9152727299520482
-553,1.2382634492389166,-1.1873774460611317
554,2.214372310726756,2.87580562698815
-554,2.0027518310255124,-0.9339751024366826
555,0.08844338769342366,0.7786842036290135
-555,1.2056898581270776,1.4654155688589443
556,1.6903072960715573,1.324934514364828
-556,1.4913165667632093,0.7082950633388395
557,1.1188700806363152,0.21449750569229242
-557,0.9630911720357351,2.4045814175357405
558,0.5701465659746938,2.521437472234441
-558,0.9310335577832934,-1.7550287725316174
559,0.6453156025695185,1.9519426529243378
-559,0.15091000335606347,-2.1610213122100768
560,0.19533509057371223,1.4981597219680756
-560,0.601897310189712,2.8055127680866643
561,0.9196502332078215,-0.5915523483224455
-561,1.0705616299192224,2.6078495771283814
562,1.320621026519904,-1.5240019656269663
-562,0.8220140665757795,-2.680157952819904
563,0.9013105883366408,1.1860210257939097
-563,1.2802261711174299,0.11593756930582542
564,1.1603454754533988,1.960521614603262
-564,0.6955043461694422,-0.8393532058309331
565,0.5653371829413479,-1.9389576975840215
-565,1.1618874653151217,-3.0746495481328187
566,0.7265974501013192,-0.7685466284219906
-566,0.6696169151786461,2.343811423696067
567,0.8317772173514743,0.26336024375015527
-567,0.3919263280381905,0.6816831077847102
568,0.1490903316921311,-2.735811314930585
-568,0.7815970476983707,-1.626629372981446
569,1.1490158879053032,-2.8918090853188687
-569,0.9524081269828255,-1.6543853529251704
570,0.5812044384576196,0.5510534016432119
-570,0.900826083454634,1.2665465499820896
571,0.7195438234958166,0.5069620938069671
-571,0.28611513254431964,1.2911655930824528
572,0.22371879296875755,-3.096496653014373
-572,0.7093253952898644,-1.910706192123082
573,0.13851866532744234,2.479457388507721
-573,0.28634476077793686,-1.9076550948603945
574,0.6940099888587217,-2.062617737105279
-574,0.5946167898502636,-2.482506157060355
575,0.7373201936803844,2.184293576124497
-575,0.6666442636378442,-0.12686808343134504
576,0.612409956348286,1.215198922124598
-576,0.41386954587312474,1.5441998167579793
577,1.2570230454517066,-0.6294624259999702
-577,1.1503861002903577,2.759019124238542
578,1.226649979313083,-2.676391254174681
-578,1.3858963278119063,-1.5804339742530673
579,0.4084444773319016,0.14565392321692375
-579,0.6805668845453016,0.9109067490296479
580,1.0264949002934722,2.8627792277998028
-580,0.8692335223244899,-0.9676809405213452
581,1.0498722076291485,0.5652443215396995
-581,1.0172143795314,1.3572577324724324
582,0.25725708272144815,0.49506764378913504
-582,0.3936267386840497,-2.077816663942178
583,0.5050090261240084,-3.0420010153835104
-583,0.8560237690742618,-1.7574470490544574
584,1.6808701940767061,3.0924542717906105
-584,0.9798803679806137,-1.4521482918820874
585,0.4698532095680822,-1.420818586456177
-585,1.159297634513214,1.9282307860873573
586,1.0350131514532193,1.1145865557994348
-586,1.1902030849232756,0.8683403120368073
587,0.3721931410072257,0.8670555042565826
-587,0.36434818499374827,2.573133990405746
588,0.22409297044183457,-1.0794405998150196
-588,0.5442850611292719,3.1330473067222013
589,0.3292015297988116,-0.29402662993398265
-589,0.21817966981159007,2.334101169461449
590,0.5390443964541086,1.2382082089646937
-590,0.2871091739890529,-0.016003059766405727
591,0.3511691934900492,-1.3578879911304587
-591,0.5491843802444025,-2.8823950090524133
592,0.40886676563094027,-0.988054532330521
-592,0.17366698512507256,2.9051210988274954
593,0.7239663651917503,3.09353205185826
-593,0.5893141844289308,-1.0792496808086252
594,1.0168634520987385,1.324091438779564
-594,0.872025746364671,0.9101255925146421
595,1.1173842929395899,-0.0964265116434078
-595,1.0706387041828354,2.4656120412220712
596,0.4763420252092021,-2.728475917918152
-596,1.0052608627779251,-1.9551317381417574
597,1.4074899572459314,-0.9559829123905155
-597,0.8518817816312347,2.751164805069902
598,0.32720279477660064,1.7484346516952634
-598,1.130764324958765,-0.524912032916795
599,0.6434439845822603,1.4629521025653793
-599,0.6462780097381291,-0.5239971093842642
600,1.1278467203100615,3.0736607502796676
-600,1.034561196829148,-1.7501474090883609
601,0.8341221916301537,-2.2823831417901093
-601,0.6004494852999793,2.9914375544709273
602,0.948071460771221,1.330781467439363
-602,1.0853122660708916,0.8088309148016957
603,0.6184294608259924,-0.5892970246608273
-603,0.8051869793849101,2.6880406865885837
604,0.5759370346628797,0.44673019090354604
-604,0.09570369674011427,0.12440768301778252
605,0.5723645420342802,-1.9725321671401899
-605,0.8526985077124695,-2.1151755125977294
606,0.5307503583592887,2.8490513846426704
-606,0.5813631719437312,-0.9079970071242892
607,0.46909685753344976,-0.7813715407255031
-607,0.33283038453898345,2.140091059753631
608,0.8874580307888092,3.118700614496856
-608,0.8049644840431998,-1.0784716186499776
609,0.45580672767826574,2.070320571283963
-609,0.521368519745863,0.7142940243728959
610,0.5353870513775151,-1.1434860916653207
-610,0.5776340532992252,2.2478282798997786
611,0.4513284224730207,-3.0228154826856737
-611,0.49431411360416116,-0.27144439798799586
612,1.8826938741433246,1.4803068825283434
-612,1.6013790578204499,0.42953889815425544
613,0.9547682114772839,0.4671457976598479
-613,0.9312580133083103,2.4183002319919065
614,0.32308731671100244,-0.1335809089241047
-614,0.720470704778044,-2.719100070517846
615,1.2042546663506668,2.7921802480799296
-615,0.9808630430456832,-1.5451097868760162
616,1.6753433761298693,-0.4104113309051388
-616,1.7191131671614477,2.189246887928425
617,0.22519919236169278,0.5382968800052661
-617,0.676565549442721,-1.0925596770547847
618,1.3594973608316363,2.0605958375278646
-618,1.0684784713577002,-0.9110972468903722
619,0.6748208562146374,2.7990898054241016
-619,0.9323304115677181,-2.733436631991575
620,1.7537131050335555,-1.010257818835239
-620,1.9739525397190454,2.764958301722916
621,1.6208605017908662,-2.334548742359462
-621,1.1354022957981877,-1.6954659756930477
622,1.2356526375603425,0.635198517093475
-622,1.6228575799407972,0.7711086693442297
623,0.9458392131734463,-2.478429325779788
-623,0.9506695109736352,-1.85678261586304
624,0.6909316457811387,-0.8052244808529351
-624,0.505829547041872,1.3184993450803904
625,1.90303052824395,2.007642234608833
-625,1.7873802216537105,-0.28893159263748563
626,0.5347175891111473,-2.5151853643407285
-626,0.8887377064597575,3.0437013002047117
627,1.086450768487363,0.43375728769297345
-627,1.122460332769631,1.4737650364072392
628,0.3181879148214335,-2.294083161679458
-628,0.5998853341689179,-2.1660900279799673
629,1.0585661464425729,1.1844258565306947
-629,0.6308345373288314,0.5042435531759172
630,0.9487037800160182,2.953382843389272
-630,0.9083404507937917,-2.125693218892155
631,1.4095527351560375,-0.3697342951226287
-631,1.5860114685315116,2.2539881030395277
632,0.10651011798892944,0.8234240659731787
-632,0.5271719285410482,-1.5205198574831704
633,0.8660984484444448,-1.6271095241347773
-633,0.8241909842961365,-2.5360729722149955
634,0.4374211105386928,-2.7508662496251315
-634,0.540364933176251,-0.7624980789799402
635,0.8678031342412198,0.08364282724161762
-635,0.6708772576757032,1.1044178386539676
636,1.1256649515267323,3.005522214141067
-636,1.2347739991009312,-1.2711371577549475
637,0.285925846649345,-1.348814103149014
-637,0.43088225921846546,1.9111028642059158
638,0.7357723616725612,1.9802616373617574
-638,0.6825985507340822,0.019933629215299977
639,0.8696512396964995,1.7739834455708214
-639,0.2818283366682397,0.6116949546951629
640,0.9758701972289812,0.07576085465367789
-640,1.014791700669073,2.3342350105677263
641,0.3905408862155854,-2.131564508541376
-641,0.8875654265937926,-2.20215272206128
642,0.33989372245496274,-1.9556958782450697
-642,0.3216163559789582,-2.1951452647698675
643,0.8884792461355274,-2.2572617033091795
-643,0.36888295640757335,-1.9725732637811562
644,1.0743586986707994,0.9141358752067805
-644,1.2956935297964765,0.7011207354394712
645,0.9996232935114463,2.162196629045269
-645,0.6048897719458449,-1.0616787629643247
646,0.7111122709893622,-1.7000731682065833
-646,1.0733444278418585,3.000550338877631
647,0.7965637096524949,-0.08948259193822555
-647,0.6964434934630369,1.476308441146614
648,0.9004707395028653,1.6627451587303774
-648,0.7846676452821204,-0.5130092872878235
649,0.5821405678733714,1.8213361921039282
-649,0.34536980569997205,-2.3440396730081137
650,0.17746117831811392,-1.6680999762204285
-650,0.8984968181883699,-3.0189889195825
651,0.7292188996842873,-1.0530283260886348
-651,0.8818772882113011,3.0173480017552037
652,1.989775730627184,-2.055237555283422
-652,1.2332071066305388,-2.371438489915738
653,1.304906695387961,0.6611906346442691
-653,1.895379086513639,0.7128182793724197
654,0.5715300057293194,-1.6755002421886223
-654,0.5602468509555019,-1.9650499830482469
655,0.15555381866848064,-1.8125391030934304
-655,0.46339076806575646,-0.3742502014998932
656,0.40375216908745626,2.119950118556894
-656,0.8176184016029051,-0.23408716143711594
657,1.5699904459634728,1.4182681115267157
-657,1.0925837661653215,0.21613001670946091
658,1.1804855645098913,3.129799606037788
-658,1.1510931596218021,-2.1794122931884012
659,1.1302165009507483,-0.37117643258498795
-659,1.3481285893079225,2.0852469657845325
660,0.8090295039046728,2.5498405925179495
-660,0.8734541951569182,-0.936169475544957
661,0.546172813698677,1.5493246115212032
-661,0.33092397372684845,1.1986109901620787
662,0.7598934064691335,0.6061385301683895
-662,0.5678854115420084,1.9956435115268805
663,0.7101211302888509,-1.4613162501178127
-663,0.958889786999038,-2.765481114137926
664,0.2895035807253232,0.7476932576575833
-664,0.32471661871708585,-0.16542700639286045
665,0.5601112988366341,2.041349782667708
-665,0.4931535414795349,-0.9581826598148094
666,0.3050131059075933,2.5694244753527458
-666,0.3598128534332755,-2.589228777931267
667,0.39015351204696896,-2.603237283874756
-667,0.5115018439312516,-2.9424176802150694
668,0.1613583846871277,0.17828162577879858
-668,0.4487429954830566,2.1177771705308595
669,0.7092702763126777,-0.38026969994718945
-669,0.5865154176170174,2.440887311989775
670,0.36838720003334036,-1.2734213647964854
-670,0.46769633499712643,-2.073346802940257
671,1.022514344071364,-1.936028634076268
-671,0.6636090803975079,-2.0773746224277665
672,0.9338722997010176,1.6161220866526511
-672,1.2790764122425586,0.10026838406139277
673,0.7151599014973623,-0.30471175113476856
-673,0.4830273074057406,2.416903140653325
674,1.2758366728025337,-2.731365669295159
-674,1.2022856001099973,-1.5823845705104764
675,0.9354774106455347,1.5717978330798834
-675,1.0837958589924686,0.48999682220989826
676,0.8972180291658588,2.136856885768402
-676,0.16317497189292474,-0.5418551884877748
677,1.3040566239965947,0.23958632847781147
-677,1.1443875809775892,2.0961348228065866
678,0.5277780042040604,2.8622278462556854
-678,1.1734603852390628,-1.934255318539511
679,1.1013888770755602,-1.9466085986739683
-679,1.1482256651210527,-2.7094892605792453
680,0.9529729654778367,-1.9538394081983936
-680,0.1662679762433194,-2.41742867592732
681,0.6174378998743648,-3.113931355772807
-681,0.8037252143915677,0.020584615359950462
682,0.480198144033972,0.7957109281540516
-682,1.0412470810593417,0.8953078561980249
683,1.2847269594939572,1.8849241755139947
-683,0.8431153314551746,0.019267070577916157
684,0.7475162270765193,-0.6629394098043269
-684,1.123886235941533,2.5344284082753403
685,1.225783175297216,1.2052750365954499
-685,0.7317624938640568,0.2515925644208403
686,1.2413562917771948,3.029901379355173
-686,1.164801266720201,-2.01270300434671
687,1.3643164376748815,-0.40395839671490175
-687,1.6272057124100054,2.1407498226970647
688,0.47724223505792196,1.0067487536351987
-688,0.3936454568860746,-0.49757817799320986
689,0.4978869238863319,-2.1376369012698206
-689,0.7015216187995129,-2.3075023036912765
690,0.4872760382282595,1.661530531382991
-690,0.31497671120982856,0.3279344976659892
691,1.5343545546091566,-2.177273478150238
-691,1.1047977184287199,-2.692111699833018
692,2.4936363794046668,0.620055538993354
-692,2.3571918326052885,1.009741269922525
693,1.0895033879017635,-2.363381999370677
-693,1.7218658207951882,-2.1094561249731925
694,1.1763663518767813,0.14516655294609082
-694,0.7476924312259241,1.2432019851748375
695,0.5375744871535658,2.543790454344033
-695,1.1185422608932736,-1.2782464164365044
696,1.284163171830388,-2.682186877956152
-696,0.9847506831193615,-1.9989499066026473
697,1.1225586894773272,1.6633180322648682
-697,1.1160494590448289,0.6249143052151868
698,0.21837641844799843,0.4874308091363694
-698,0.7248971491575521,2.4920754800889684
699,0.8654479459774761,-0.38230393169308485
-699,0.8077043125902202,2.5003690379677406
700,0.6739882626362208,0.05093264049568103
-700,0.14780776667542017,-1.438602486837273
701,0.9889196007681029,-2.6665049471941074
-701,1.3341360583449315,-1.7013433025530738
702,0.9507912179585106,2.5364056329903013
-702,0.6779446176753546,-0.38663386676921035
703,0.43032199931104315,-1.1034874572506455
-703,0.7345834777695741,2.187174792069459
704,1.2157569226885372,0.7840275575236351
-704,0.890688482160662,0.8597344147353612
705,1.3639509676412602,2.9255477503815066
-705,1.3288896983050529,-1.727549330983251
706,0.6535644542334511,-0.9300751237428799
-706,1.186979005748842,2.473497020931226
707,0.6881377149201683,2.9067789093828083
-707,0.3086492078406992,-1.1548980571948557
708,1.5726347567293868,-0.4695086189066986
-708,1.4140544033795344,2.069130212073365
709,0.6884776095244489,1.3144977405305747
-709,0.922894682643207,-0.49498966317647425
710,0.912933556985301,-2.1562848945071367
-710,0.9618151932615439,-2.1948868290436216
711,0.7312806125668023,0.7808388418078199
-711,0.8091798293177365,0.6619681883780262
712,2.1141347258200676,-2.94455447788499
-712,1.4714852610668767,-1.6931215193429565
713,1.9729539417812614,0.7087116367845394
-713,2.343688408185923,1.2532234339802089
714,0.6062543536752257,3.0375200300262266
-714,0.9334500355271218,-2.33001161873964
715,1.9821280895337734,0.06856264888162718
-715,1.5057572603707663,1.9655060539023104
716,0.9283103094898909,-0.23233608596961475
-716,0.8929122297894184,-2.128886904379957
717,2.2865123253661173,-2.4856508865162206
-717,2.540571160765944,-1.8809711493633412
718,1.5511049156526022,-2.4220722723539554
-718,0.34353829227640986,-0.5766924968697533
719,1.2568388100046477,1.2478068289136672
-719,2.1749816606375836,0.6734871879288586
720,1.2710156817203946,1.7123019248587887
-720,0.5997478838085445,0.36688777407206863
721,1.726996563624044,0.23135730996484
-721,1.3662164229510345,2.178329806677094
722,1.5399367239348025,-2.2152637429093684
-722,2.088117790495657,-2.210496415488215
723,0.4771233737578648,-2.323925087690597
-723,0.29887724523241016,-0.38363943257733163
724,1.0380757895111437,1.7380731699851164
-724,1.092245496598159,0.24310366166776218
725,0.8047028801319039,-1.126631306120268
-725,0.9162703241262105,2.713052961323976
726,1.1717503698156468,1.424812673498683
-726,0.9641412714492388,0.1721412750576931
727,0.9718532423742683,-1.616390692193526
-727,1.155048937166463,-2.9285019416504308
728,0.7593530345892007,0.02394048001815187
-728,0.5684796577992721,0.8665984694302763
729,0.7524373419806942,2.5289302904035043
-729,1.0869675879701213,-0.9382281632874364
730,1.1066083206363149,1.8770189513337325
-730,0.5558252168969505,-0.09168634559913175
731,0.43543628864099126,1.7252339139973845
-731,0.49978898820455575,2.816465672516992
732,1.140841874256817,-1.3784167885147827
-732,1.3366774486767663,2.985341855260758
733,0.4864537538893926,0.2571408195844483
-733,0.49900884833577175,0.6049943195568374
734,1.003244327683993,1.8965800121736307
-734,0.7547016350595342,-0.6284830918695877
735,0.821885488191414,-2.0189280293063407
-735,1.0917615318087934,-2.9468645350886247
736,0.4658086532600137,0.11963539032360955
-736,0.5966477072104062,1.4325593044479512
737,1.0661713825913608,0.6341787363057549
-737,0.4926548863422938,0.9074258087201159
738,1.2518018898542373,-0.9579513479116969
-738,1.1028179130920288,-2.766038217758253
739,1.3384759500086545,3.062515479814122
-739,1.7770915555086837,-1.2000508345932885
740,0.319425910004537,-2.4030223669966726
-740,0.10047167425887299,1.6108967249256667
741,1.6067224979418036,2.4745609594550633
-741,0.8954472282706214,-0.4959460434071795
742,0.20933272082632912,0.013555607618830776
-742,1.2104898515250122,2.1768353484147416
743,2.2458607722741974,-0.39228134162204037
-743,1.7343624494142684,2.162818841252471
744,0.9876603104752704,-2.760890391944345
-744,1.758544224028912,-1.3328040496414952
745,0.8534113655947355,0.5933815645924294
-745,0.8579921511850834,0.4404758621455559
746,1.4710054623273863,2.67574439936304
-746,1.4805761109932354,-1.159732049981895
747,0.693036837521382,3.0218620513086
-747,0.29818360242152914,-3.1135641890506363
748,0.9702644576959456,2.0406242034062023
-748,0.46640415773126015,0.9742166335444999
749,0.7403851117034107,-0.10798715130365517
-749,1.2872082507046292,2.3473977705697853
750,1.5384292493348626,-1.3390905650464606
-750,1.198525868610094,-3.0610313236404916
751,0.8537670141767001,2.9269301670437198
-751,1.184610324658929,-0.5919486378376655
752,0.9804988958549279,-3.0691754557830206
-752,0.35360877077456004,0.023407740844001487
753,1.9739628432025758,0.8687743279987138
-753,2.2065604533701766,1.0834486038774194
754,0.9562223566172986,0.3388537237239666
-754,0.6812355328630119,2.6917407709344925
755,0.6093816839330135,0.2275481173805155
-755,0.5532116321833365,-2.6487233697948276
756,1.544246890846624,-2.0674247134056043
-756,1.5819912746018576,-2.2749039268397966
757,1.6244861739478187,2.0543773088049733
-757,1.5346869229061368,-0.023406331116684647
758,1.065821730409577,-0.5792093861296224
-758,1.5185497036175526,2.303458377013097
759,1.129718811936721,0.7756248134062864
-759,0.6358760630840967,0.7648219463246337
760,0.34017403288602227,0.06680411529354859
-760,0.6517474757729793,-2.5332805738999307
761,0.5017063184625147,-0.5538497501950838
-761,0.6281693954707636,-2.646302342519438
762,0.33008697958720806,-3.092593782976765
-762,0.8573721893709406,-1.6550158334141396
763,0.3566698222794788,0.9765163762358655
-763,0.15998674200871676,-1.5563452859082068
764,0.5202416208115692,-1.243445170022138
-764,0.7907303171778489,-2.538968294730522
765,1.256162968757038,-2.1660975136110374
-765,1.132384450771316,-1.9857456802515638
766,0.4152293227926683,-3.0673981510758073
-766,0.6691979151754502,-0.32707045726898004
767,1.8332711913630342,3.126602681997715
-767,1.0390561477300422,-1.0964724512714092
768,0.6223547214349773,1.4118848514291276
-768,1.370692008398454,1.2708501980100066
769,0.4571016875351522,2.087152693155983
-769,0.45458582892369104,1.7286255413797327
770,1.8462159305358057,0.41211712171834125
-770,1.4734264026177435,1.6863825072201144
771,1.2483321437296477,-1.803533834809905
-771,1.7037834306820154,-2.439361177964504
772,0.17081471304759718,-0.5745024124114528
-772,0.3473795577291979,-0.2641732008732989
773,0.6587767627765133,-3.107188975866936
-773,0.6179608081729256,-1.0474952223323695
774,0.4677594858999378,-2.1224409184536084
-774,0.2530587367752075,1.9615341517986777
775,1.0455400556208365,1.5489043571930998
-775,1.0725243485219014,0.5298424575641733
776,1.5004390077593979,-0.1761293516204681
-776,1.2511690479815478,2.2196335796103637
777,0.8539649956763161,-2.872012187230487
-777,1.3388227963587769,-1.604443311946798
778,0.45314450586517213,1.6096318830501335
-778,0.43446880286019013,0.2913620720022102
779,0.40025912426811056,1.304001453458242
-779,0.10097443769858273,1.3197219104986542
780,0.7438517383201089,-1.9661182956490468
-780,0.7403800822849622,-2.7804985332243564
781,0.42437282148883265,-1.9094709164489085
-781,0.22041754202880018,0.9937130124816382
782,1.8456905589112484,0.8560583366022294
-782,1.5460311313854311,0.7461836094729924
783,0.612014080242369,2.4866292089092554
-783,1.0822693353190547,-1.9597164168512096
784,0.8593171359077705,-2.2417953449053005
-784,1.1186284423416584,-2.728271458441763
785,0.8551423064906735,1.4484743274451395
-785,0.6101512627578717,0.7683225839441272
786,2.0041750730889127,-0.8424874925953333
-786,1.6991455295783775,2.7604448119935023
787,0.3618517647789168,-2.9201746718106123
-787,1.2679147511884397,-0.9893266019136252
788,0.6802275602394284,-2.1286886003268797
-788,0.5647110771552231,-1.3554723631408694
789,0.8340470348905491,2.58877096776974
-789,0.9830216454985499,-0.3252216689531954
790,1.5472696377096935,2.8419452749174017
-790,0.5692471593745535,-0.6907487951097964
791,1.1966039897766934,1.324050983932138
-791,1.571337083777722,1.365392098940793
792,1.7913530959773054,-0.26610088540659094
-792,1.9133823195748514,2.2866546223427613
793,1.4742280532503413,0.37845438692769945
-793,0.188886172235973,-0.1396179090675112
794,0.52704707831257,-1.7000482393860838
-794,1.6181377260822212,-1.9595551139426093
795,1.1946086101515598,-2.6570002889362394
-795,1.4483519204274857,-1.606356900019467
796,0.6916880486539718,-2.579817480894143
-796,0.34845709551187465,-0.6740047182071198
797,1.6160203130752473,3.013003171825433
-797,0.8721817600286508,-0.5941667863650822
798,1.573677767252909,0.9498765577939705
-798,1.9599163647293985,1.1755376181544848
799,0.2841757766655111,-0.33866725659740093
-799,0.7647038909425945,3.0266374472325768
800,1.0261672846574375,-2.7805555527018124
-800,0.7958498622311444,-2.058093708538348
801,1.1229410227597105,0.9634443999791064
-801,1.2335571357165864,1.0791052663066634
802,0.48006923080778874,0.5640042209305794
-802,0.4408203775141022,2.699344431357524
803,1.180606715421013,0.30790278847293584
-803,0.5227901541547726,2.3105888823896232
804,1.5365262554456112,-2.0379310365827874
-804,1.8492672778294696,-2.3000261245142846
805,1.024527181334426,-2.6347406305978427
-805,0.5462771472451078,-0.9832900863832441
806,0.5958202911055751,1.6830755397755208
-806,1.1304561350236606,0.6824710962905136
807,0.6798940620560057,-0.2330808820701517
-807,0.8558363996850114,1.843839819266429
808,0.5676830397096597,1.0540846295636106
-808,0.4193412387377406,0.27180291711209903
809,0.4141208710770024,1.6755538204493634
-809,0.1745210174865374,-1.4332109552691688
810,1.294490871237602,0.7397244523572103
-810,0.5519180406658626,1.4817034056517961
811,1.0078435176465088,-1.0965177219735582
-811,1.3952098166945166,-2.73944686933018
812,1.2004292965774654,-2.830974414351146
-812,1.3286438687949904,-1.5436150047877322
813,0.802667668872431,0.1244484318042153
-813,0.8562431961762984,1.3317351127026198
814,0.9304095623336196,-2.481860601956208
-814,0.886878552304625,-1.842367951799425
815,0.6869929690283355,1.263140256304294
-815,0.7953048854512796,0.5346106110782389
816,1.0656077534492956,-0.6330423414586936
-816,0.6358700550582735,2.729651044940514
817,0.8438752344105117,2.359407974224262
-817,1.3868936327642103,-0.9226999722725039
818,0.917641332143172,2.292827221280054
-818,0.6531425348723409,-0.9831040286846949
819,0.6344890381176378,-1.6979445539436864
-819,0.7654506019915948,3.1363678569576976
820,1.4930966102128098,-3.080621893820026
-820,0.8843757982932124,-1.185780516909511
821,0.8109990909518897,1.7836065782593233
-821,1.1525869059058669,0.9674800090888092
822,0.8089072652910502,1.4242294655769214
-822,0.73373149767283,1.4815162503735853
823,1.2018160148760386,1.0246144031859443
-823,0.706399301534513,1.9144980562823557
824,0.6631457576697612,-0.6876512138639777
-824,1.3874302570576005,-3.1316245421438063
825,1.053919230991044,-1.4189231824173674
-825,1.1101279412104377,-2.7908150194766894
826,1.1536611055366377,-2.713881042778127
-826,0.8031609169903154,-1.4384010946386843
827,0.823499855591552,-0.3435080193977205
-827,1.1064213622171837,1.4905295784255457
828,0.5979719226034657,1.810658507724734
-828,0.5984771217750656,-0.21290828560626707
829,0.2624752583340772,-1.6985636028174536
-829,0.48744907789559366,3.116834392026075
830,1.222383716510094,0.0599727867624593
-830,0.7506534773111995,1.7008130069252474
831,1.0069054249665519,-2.3836974441420375
-831,1.326707060754065,-1.8474627687564302
832,0.17216828034151158,-0.2754071376995632
-832,0.39327495465291423,0.4103075136739076
833,1.3592443953913522,-2.9517040162764605
-833,0.8522263156691048,-1.3085580379263868
834,0.10917834701009224,2.9837055615902623
-834,0.9601073956281629,1.265492181162165
835,1.5237992859090332,0.6731543173926399
-835,1.5767151189256197,1.139340794541575
836,0.6738554582642075,-0.3822914641973043
-836,0.5455770770285089,-3.07656413972441
837,0.8113106933113798,0.10683710867835408
-837,0.15634548892409453,-0.21536679712339468
838,0.5716030173254097,2.1194187592563223
-838,1.0569957966210122,-1.0799789212743076
839,0.43501394949312266,1.131701445297301
-839,0.1566864500200109,-1.1814471388925711
840,1.05916427784438,-2.599915480992545
-840,1.0294011502465221,-2.0571336252846573
841,1.3348633333161646,1.5521615047462503
-841,1.0614988761444542,0.44049557706573744
842,0.7232010927063529,0.6225465704347583
-842,0.6639844015373776,2.638885153300605
843,0.5626572237501283,-1.7901412291095076
-843,1.1820722793880056,-2.5774722400461676
844,0.7816700499579541,-2.4384465587058877
-844,0.6796514057976594,-2.0435302734930048
845,0.364261836331692,-2.668242127059995
-845,0.11938226837038984,0.5671670572772722
846,0.3932049228290882,2.4220839710268254
-846,0.3520383169323458,0.6070927891491705
847,0.7096464092261763,0.45949948119608025
-847,0.7176745750525662,1.6490941479448868
848,0.8355950610001516,1.9323905001567199
-848,0.38045754314356467,-1.3066173270418722
849,1.7616993488117838,-0.7795632114591973
-849,1.6909081807647282,2.772428904802375
850,0.887491152889429,-2.1558705202653687
-850,1.1111515756127694,-1.5184263969628422
851,0.7254526861768258,-2.3810886994030303
-851,0.605888186017805,-0.7843804566502782
852,1.4359457794198505,1.948388276255032
-852,1.4484428275348387,0.03499991183221281
853,0.579162612328742,2.1033892687158513
-853,0.3448859453908118,2.5115083897982022
854,0.8246894462679549,0.19641269382041082
-854,0.9946842460270086,2.2481862061202955
855,0.9064874524505597,-0.858480168677253
-855,0.8467163956769213,-2.9096996695560393
856,1.257343460606117,-1.833491049416227
-856,0.9974466431565403,-1.9441798374166315
857,1.2680542759896436,-2.790797590795518
-857,1.2058399051565845,-0.7289221860965119
858,2.265537254430361,1.8011220406142643
-858,2.215260016360693,0.26619889179471007
859,0.843509338636356,2.1879093112786387
-859,0.7305071553388727,2.550165996024845
860,0.37143442715311165,-0.179025518524041
-860,1.4319912775462824,2.443989280812875
861,1.8684468438138684,-0.19743629391112327
-861,1.4982059931471723,2.195651350090788
862,0.5484551737091077,-1.812799566256028
-862,1.152053423546845,-1.8288941577495228
863,0.7170857994142068,-1.0576738602640154
-863,0.20730066070982303,-1.9135771750376787
864,1.3930591338419682,-2.649077907115086
-864,1.0980651717612593,-1.2721906160633576
865,0.8082201676227424,1.7443476734005927
-865,1.3939859996343567,0.556467910959865
866,1.3392003957641732,0.7748958702760353
-866,1.157603509284886,1.225946323309735
867,0.6197506657333781,0.5905627925540365
-867,0.4035536976800257,-2.818519085577048
868,0.666361690984733,-0.2311767247596697
-868,0.6173937707877647,-2.6458984744920624
869,0.9195645525709918,-2.558139680416692
-869,1.3634244662081765,-1.7366875159806554
870,0.7009715898930579,1.8018433682627581
-870,0.7457266473757149,-0.10922019683375037
871,0.7593253959656382,-2.3663513087416193
-871,0.6360976130239792,-2.3815875640714026
872,1.1321385159301796,1.9340429163720252
-872,0.8562707912507057,0.08981772302452007
873,0.2098090870077775,2.6901428448965894
-873,0.5475966391951477,2.941214363988241
874,0.4432047421740137,2.982262521895441
-874,0.36216758072612515,-3.032229661810933
875,0.8873151410668658,-2.2220842165124766
-875,0.6973822137759698,3.000598479243319
876,0.5673249413185659,0.7868505944782518
-876,1.1284287014789158,1.1712388202124562
877,1.5919350095081075,0.2162738425193214
-877,1.1865459910479634,1.6396208451574072
878,0.6610004133376677,-1.4807935331915982
-878,0.9814966876974295,-2.2285815681976864
879,0.5592166040626945,1.485135893820026
-879,0.6576902578118664,-0.43650051894371533
880,0.44798647751125886,2.900640264120366
-880,0.4784026969214477,-1.8173974104101898
881,1.854371640730412,0.334111835535791
-881,1.098111826220755,1.574333850094358
882,1.2343361908168835,-2.4684825409926403
-882,2.070411207119758,-1.979575793871169
883,0.9556086692982582,-2.452398935451494
-883,0.5902594389729636,-1.788805499181922
884,1.5160282358500545,2.414608904873372
-884,1.088724429062683,-0.22010722096774196
885,0.2402718023298406,0.20148433551940054
-885,1.166114356497943,2.109967757340335
886,1.1791804918883446,-1.1541962285176963
-886,1.1118062667347068,2.6285272882618775
887,1.2280686316283245,0.5508468159610258
-887,0.9803749669613628,0.609515453600694
888,1.0232566605567797,2.404968930163328
-888,1.1824657025748866,-1.3192242634191973
889,0.310286295382129,0.2662492918404102
-889,0.6515642713064537,2.8671424875009244
890,0.6049894143224734,-2.3397416472835895
-890,0.8485663229088151,-2.524683994433557
891,2.229561742262321,-1.2065689051195556
-891,1.3646447144651437,2.811968427863731
892,0.775252955687731,1.8488868597733599
-892,1.8823499811484465,-0.2599618610465817
893,0.8932608091540652,3.132583652391769
-893,0.7974707028075964,-1.2052849656208788
894,1.5555426511938897,1.885722971913645
-894,0.9876263147895824,0.21674120701903585
895,0.5815431394936879,-1.2081964986893847
-895,1.2889006597302894,2.818667700230477
896,0.7889295336307848,-0.9093469966597549
-896,0.49725446366554615,2.549975255470773
897,0.23073694368137102,-1.9464342934299095
-897,0.5704528323983064,-0.6880926185836705
898,0.2768421074657885,1.9219219986848273
-898,0.7229055048842083,-0.24340326670775894
899,2.3225792245136154,2.5817791770000618
-899,1.4555615574733365,-0.7766496742078608
900,0.46272267898320757,0.7271752639752225
-900,1.6367119493899627,1.9655418947360832
901,1.3423514278192121,0.5797387486428596
-901,1.2176277311594088,1.776206683458928
902,0.7631828967858166,-0.5995647953420782
-902,1.0864293288836915,-2.9886435088988126
903,0.1343013901898079,0.5757220263322937
-903,0.5405309000035684,-1.8498912767400255
904,1.4725972478955058,-1.6813926026649801
-904,1.1483235615794556,-2.621840229463722
905,0.6133059830758743,-3.0288232554719237
-905,0.8702738408816275,-0.3513253020038027
906,1.373255746947556,2.7616502044000932
-906,0.7962498162994656,-0.2253226074111642
907,1.7070543794077278,0.6591957830313709
-907,2.027980066833614,1.4606798123603342
908,0.6849474027665265,-0.062093296793189354
-908,0.8624160126625466,3.0338274556127893
909,0.7194878719211548,0.392265301259026
-909,0.37625297231349836,-2.710622004186336
910,1.6202174059338734,-1.9136108513997423
-910,1.6626948542115143,-2.4215963350064555
911,1.0634681547340306,-0.7418989794179777
-911,0.5954959124449568,1.0642842762160893
912,0.40751075361716643,2.544258360635998
-912,1.2375832687987356,-0.4910020458132191
913,1.3796101507994427,2.103825262678334
-913,1.0807368537113222,-0.3202871134887415
914,0.6338875530814145,1.638393723055791
-914,0.46109222978336745,2.359923258789855
915,0.8034940365666945,0.20285716285589148
-915,0.9448211361821783,2.5369203741101534
916,0.7130652351987053,-0.7823024649299157
-916,0.9769874816995378,-2.7675203504573336
917,1.304016871173695,-2.0157675194305296
-917,1.2553043416090839,-2.132824831413039
918,1.9954044994192421,-1.4566483461884414
-918,0.41404291775281643,3.1304711151422495
919,1.728136562616776,2.0943046928628832
-919,2.7165107457437765,-0.19468335026710426
920,1.247427352495239,2.154506636137842
-920,0.6006172443854586,-0.043875175077371036
921,0.7201861747608397,0.8065710224631266
-921,0.8155408273446788,1.976790856606553
922,0.9717580126214698,0.02079000861932007
-922,0.5935887502635717,2.74135142613868
923,1.3084496485826307,-2.4034419606757265
-923,1.6500130047808907,-1.900721524627925
924,1.4653630291083284,-3.0103410824806947
-924,0.9403081201738319,-0.8763180426692805
925,1.1767529261843044,2.7999132733964474
-925,0.9167703364332978,0.48997464661119744
926,1.859251221276021,1.4657072441850207
-926,1.9297546394248977,0.9901138762733396
927,1.3000821774655522,0.13080433729408505
-927,1.7861177188104043,2.2365687110522723
928,1.1553589491615401,0.49680260988722186
-928,0.49558605776164627,2.564961004779788
929,0.8827629638284866,-1.9662990016372954
-929,1.5172318130038631,-2.406835984408086
930,0.8372737429055134,-0.8461740255586918
-930,0.3837717841792669,2.4180940929886012
931,0.7663382605579602,2.2482218958465654
-931,0.9868017254857625,-0.5931657985989109
932,1.4262554062973225,1.007147153603309
-932,0.7044195797823815,1.1309594781114773
933,2.4596609183664144,-1.7954737826507268
-933,2.5357254212758957,-2.750622618914127
934,0.6892405451774559,2.5382852121273007
-934,1.2017052837078501,-0.03688643653625733
935,1.0925070850613903,0.32802603326253865
-935,1.1160400885877024,1.3038191097989842
936,0.44276633623983097,2.8920469839149465
-936,0.6637417070434443,-1.5418054538550696
937,0.5085330505627036,0.7436143476499536
-937,0.2693542145540506,1.4013394997848274
938,0.15665510577077363,-2.3505299246254907
-938,0.4501920545098697,-2.404760341245385
939,0.3405752398350525,-1.500468379644507
-939,0.2830417475220994,-2.8258282628365703
940,0.8805015301575905,0.5429690549646751
-940,0.5396923026675797,0.7550495891168036
941,1.1571444973826777,-2.547675791400821
-941,1.2809812774458005,-1.9256310624678827
942,0.4330017719430087,1.9153388862181746
-942,0.5787732428113933,0.464570276509045
943,0.8838126683466172,2.956132710148854
-943,0.2370421671344634,-1.3634463016899594
944,1.7884368622887368,0.13970891632303178
-944,1.7264760423660075,1.6749862276178038
945,0.6045225565374523,2.112099370209428
-945,1.0120236369447424,-1.4038232718563346
946,0.2897932718617247,-0.28680055250085706
-946,0.5936720029569067,-2.876388713156671
947,1.2432702156759488,-2.2278558642030446
-947,1.1362412515196372,-2.263468508323506
948,0.5930051295966927,2.4414488133916854
-948,0.6560762301324717,0.16932970926309923
949,0.13847354948329332,-0.04518113032615657
-949,0.5476859168945324,1.8619263504653683
950,0.5459241707339495,0.062804181787365
-950,0.5000608932584502,1.863172241619602
951,0.8712125929754178,-0.6432022613407685
-951,0.4289050554644201,2.995872958157139
952,0.6069254958357322,0.9383583625213774
-952,0.7342460208306515,-0.6189684092509355
953,1.0965513843412085,-2.548562918447551
-953,1.3544785398877954,-1.8630271490242623
954,0.7645898091825842,3.0949146087306216
-954,0.5106921883541312,-0.601337810295926
955,0.4121788489464288,-0.23522130159087046
-955,0.6472841608216104,1.382147824749482
956,0.6720991107274115,1.8942021016622863
-956,0.7139033753070203,-0.3888896478669041
957,1.0444975763046938,2.266914616940294
-957,0.5501553998612703,-1.0368477883758005
958,0.5905590253461598,-2.026943263962262
-958,0.8966611554085426,3.089697895704887
959,0.8361034190724507,-1.9308878186507372
-959,0.315016503579556,2.9595349453651125
960,0.9878485815394813,2.4046770443242798
-960,1.123280735678878,0.026660937086991087
961,1.0082257698473007,1.321542267200034
-961,1.092526838150201,1.063902141509096
962,0.5739581664083204,0.3556167439017111
-962,0.722476098320575,2.1878443187853147
963,0.8600061279888476,1.195139688323144
-963,0.17282406639300793,0.6648424315734096
964,1.3428453975913779,3.050404571406295
-964,1.0616789271365823,-2.1212390430112977
965,0.7991675878544827,0.2809943630486022
-965,1.5217246934438253,1.934844924686412
966,1.3833086774850667,-0.38365897787531106
-966,1.2622173378629127,2.4088919704020295
967,0.7111727388335929,3.11820305174565
-967,0.906949405713174,-1.576040164027004
968,1.717654674557355,0.06899497992938376
-968,1.3538691375101946,1.798427546248311
969,0.4903793356996611,-0.7743262603527797
-969,0.8908521473552344,-2.213725197915849
970,0.6040212671607387,-1.9455114489722463
-970,0.9451117749999094,-2.057585345578742
971,0.24995921253426537,-2.295131883083239
-971,0.3411719145163422,-1.5627943514786848
972,0.7795153782471244,-2.142437231437102
-972,0.49961196890675386,-2.3535374419751482
973,0.8086379958878629,-0.1336232853019137
-973,0.6523549395605738,1.2544246394425187
974,0.8212003288824481,0.07123562973448297
-974,0.21526742185423983,-0.539298721708547
975,1.3785904440791887,-2.262943599009492
-975,1.6620938119109294,-1.8480312332490414
976,1.2395566938971818,2.8210956892504617
-976,1.2488564949998098,-0.6215368605082322
977,0.711979884496786,-2.268368907808725
-977,0.28686312467975195,2.201470222065904
978,0.9472357757324319,1.2605988415109066
-978,1.2205878369534096,0.5945410379811855
979,0.7714469897745438,0.8385729747441618
-979,0.18060638041550625,1.1164400540216721
980,1.3469779323530227,-2.3435682614256703
-980,1.4133699374870412,-2.1907024152559487
981,0.4610812790337489,-2.151123609413048
-981,0.3795140075741992,0.29786452817881925
982,1.6315810950593501,2.718747384224469
-982,1.2604020888540357,-0.3909496706958767
983,0.9167864325827023,1.2312928623439383
-983,1.4844392133968867,1.2514665485146705
984,1.1538891404219223,0.7961217942067872
-984,0.9401099714874911,1.5258151190469407
985,0.4067563539217683,1.2907084612327657
-985,0.435056748021085,-2.7781380051672055
986,0.6637265677840273,-1.346744013004438
-986,0.879323723068752,-3.050675351706478
987,0.31765756370713694,1.7227069641414903
-987,0.3865865816121906,-0.14513965350232205
988,0.5490128237277639,2.3367082923218483
-988,0.1553609079278588,-0.6678705567691335
989,0.06516114335457034,0.10254125024503868
-989,0.5679981438076053,2.2867759788595423
990,0.6004870432864252,-0.1514933574859424
-990,0.6864321950173994,2.0678033940203218
991,0.6235837338954946,0.27550982969954396
-991,0.2091788685387143,1.4051956978449374
992,1.1609701117584097,0.4647754171529889
-992,0.19372965306398543,0.9944421411893372
993,1.7804130398156448,-2.5285792395859747
-993,2.002754415583011,-2.0082657405343274
994,0.3680255553741512,3.0428266856056725
-994,0.5856151771388716,0.7110831391474616
995,1.8074918352947291,1.3177046149248568
-995,1.4197034014258842,0.7131730982475896
996,0.7551697254944759,0.19593749077973072
-996,1.2109134452866905,2.873563146001367
997,0.915388863475793,-1.1106877679114808
-997,1.3513256995364458,-2.8598828005015067
998,0.8307346579249072,-1.6623788087874853
-998,0.8154102847192815,-2.214340330536637
999,0.4496442674902722,-2.2421145778277576
-999,0.4584403508280146,-1.1619921353959504
